32 320 8 4 2272 1152
1 2 90 7 0 296 32 296 64 296 128 240 160 240 192 240 224 240 30 1 300 1
2 3 31 1 600 97.6 32 1 500 97.6 90 3 448 296 480 296 512 296
3 3 31 1 600 97.6 33 1 800 97.6 90 4 768 224 800 224 832 224 864 224
4 1 90 5 1096 216 1128 216 1160 216 1192 216 1224 216
5 1 90 1 1512 296
6 1 90 1 1704 120
7 1 90 4 2080 216 2112 216 2144 216 2176 216
8 0
9 1 90 11 0 504 32 504 64 504 136 360 168 360 200 360 232 360 128 560 160 560 192 560 224 560
10 1 90 12 592 320 624 320 424 464 456 464 488 464 520 464 552 464 584 464 616 464 544 592 576 592 608 592
11 1 90 21 624 320 616 464 704 376 736 376 768 376 608 592 640 592 672 592 704 592 736 592 768 592 800 592 832 592 864 592 848 320 880 320 912 320 768 344 800 344 832 344 864 344
12 1 90 10 1120 328 1152 328 1184 328 1216 328 1064 488 1096 488 1128 488 1160 488 1192 488 1248 376
13 1 90 11 1248 376 1280 376 1312 376 1344 376 1376 376 1408 376 1440 376 1472 376 1504 376 1536 376 1568 376
14 1 90 14 1568 376 1600 376 1632 376 1664 376 1696 376 1792 376 1824 376 1856 376 1888 376 1768 616 1800 616 1832 616 1864 616 1912 616
15 1 90 8 1888 376 1920 376 1912 616 2096 600 2128 600 2160 600 2192 600 2224 600
16 1 90 1 2224 600
17 1 90 8 0 712 32 712 64 712 96 712 128 760 160 760 192 760 224 760
18 1 90 18 448 712 480 712 512 712 544 712 576 712 608 712 424 824 456 824 488 824 520 824 552 824 584 824 448 920 480 920 512 920 544 920 576 920 608 920
19 1 90 23 608 712 640 712 672 712 704 712 736 712 608 920 640 920 672 920 704 920 736 920 768 920 800 920 832 920 864 920 896 920 944 680 864 712 896 712 928 712 760 744 792 744 824 744 856 744
20 1 90 12 944 680 976 680 928 712 1112 696 1144 696 1176 696 1208 696 1240 696 1112 920 1144 920 1176 920 1200 920
21 0
22 1 90 2 1840 856 1872 856
23 0
24 0
25 1 99 1 0 1110
26 1 99 1 0 1110
27 1 99 1 0 1110
28 1 99 1 0 1110
29 1 99 1 0 1110
30 2 90 4 1792 1032 1824 1032 1856 1032 1888 1032 99 1 0 1110
31 2 90 2 1888 1032 1920 1032 99 1 0 1110
32 1 99 1 0 1110
