32 320 8 4 2272 1152
1 5 90 7 0 296 32 296 64 296 128 240 160 240 192 240 224 240 91 6 256 280 288 280 288 280 256 280 288 280 288 280 30 1 200 188.6 91 6 256 280 288 280 288 280 256 280 288 280 288 280 92 2 240 264 240 296
2 5 91 14 288 280 288 280 320 280 352 280 368 232 400 232 432 232 288 280 288 280 320 280 352 280 368 232 400 232 432 232 90 3 448 296 480 296 512 296 91 14 288 280 288 280 320 280 352 280 368 232 400 232 432 232 288 280 288 280 320 280 352 280 368 232 400 232 432 232 31 1 450 211.6 92 5 368 232 368 264 448 232 448 264 448 296
3 0
4 0
5 0
6 0
7 0
8 0
9 2 90 11 0 504 32 504 64 504 136 360 168 360 200 360 232 360 128 560 160 560 192 560 224 560 92 4 240 296 240 328 240 584 240 616
10 5 90 30 592 320 624 320 424 464 456 464 488 464 520 464 552 464 584 464 616 464 544 592 576 592 608 592 624 320 616 464 608 592 592 320 624 320 424 464 456 464 488 464 520 464 552 464 584 464 616 464 544 592 576 592 608 592 624 320 616 464 608 592 91 10 320 376 352 376 384 376 624 424 624 424 320 376 352 376 384 376 624 424 624 424 90 30 592 320 624 320 424 464 456 464 488 464 520 464 552 464 584 464 616 464 544 592 576 592 608 592 624 320 616 464 608 592 592 320 624 320 424 464 456 464 488 464 520 464 552 464 584 464 616 464 544 592 576 592 608 592 624 320 616 464 608 592 91 10 320 376 352 376 384 376 624 424 624 424 320 376 352 376 384 376 624 424 624 424 92 13 448 296 448 328 448 360 448 392 448 424 432 456 432 488 432 520 432 552 432 584 432 616 624 424 624 456
11 0
12 0
13 0
14 0
15 0
16 0
17 0
18 0
19 0
20 0
21 0
22 0
23 0
24 0
25 0
26 0
27 0
28 0
29 0
30 0
31 0
32 0
