1 0 0 10 34 150
1 0 0 10 68 150
1 0 0 10 102 150
1 0 0 10 136 150
1 0 0 10 170 150
1 0 0 10 204 150
1 0 0 10 238 150
1 0 0 10 272 150
1 0 0 10 306 150
1 0 0 11 0 32
1 0 0 11 0 64
1 0 0 11 0 96
1 0 0 11 0 128
1 0 0 11 0 160
1 0 0 11 0 192
1 0 0 11 0 224
1 0 0 11 0 256
1 0 0 11 0 288
1 0 0 20 9 135
1 0 0 20 69 135
1 0 0 20 129 135
1 0 0 20 189 135
1 0 0 10 306 150
2 1 0 10 306 150
2 1 0 10 306 150
2 1 0 10 340 150
2 1 0 10 374 150
2 1 0 10 408 150
2 1 0 10 442 150
2 1 0 10 476 150
2 1 0 10 510 150
2 1 0 10 544 150
2 1 0 10 578 150
2 1 0 10 612 150
2 1 0 10 612 150
3 2 0 10 612 150
3 2 0 10 612 150
3 2 0 10 646 150
3 2 0 10 680 150
3 2 0 10 714 150
3 2 0 10 748 150
3 2 0 10 782 150
3 2 0 10 816 150
3 2 0 10 850 150
6 5 0 11 1888 32
6 5 0 11 1888 64
6 5 0 11 1888 96
6 5 0 11 1888 128
6 5 0 11 1888 160
6 5 0 11 1888 192
6 5 0 11 1888 224
6 5 0 11 1888 256
6 5 0 11 1888 288
7 6 0 11 1888 32
7 6 0 11 1888 64
7 6 0 11 1888 96
7 6 0 11 1888 128
7 6 0 11 1888 160
7 6 0 11 1888 192
7 6 0 11 1888 224
7 6 0 11 1888 256
7 6 0 11 1888 288
9 0 1 10 34 500
9 0 1 10 68 500
9 0 1 10 102 500
9 0 1 10 136 500
9 0 1 10 170 500
9 0 1 10 204 500
9 0 1 10 238 500
9 0 1 10 272 500
9 0 1 10 306 500
9 0 1 11 0 320
9 0 1 11 0 352
9 0 1 11 0 384
9 0 1 11 0 416
9 0 1 11 0 448
9 0 1 11 0 480
9 0 1 11 0 512
9 0 1 11 0 544
9 0 1 11 0 576
9 0 1 10 306 500
10 1 1 10 306 500
10 1 1 10 306 500
10 1 1 10 340 500
10 1 1 10 374 500
10 1 1 10 408 500
10 1 1 10 442 500
10 1 1 10 476 500
10 1 1 10 510 500
10 1 1 10 544 500
10 1 1 10 578 500
10 1 1 10 612 500
10 1 1 10 612 500
11 2 1 10 612 500
11 2 1 10 612 500
11 2 1 10 646 500
11 2 1 10 680 500
11 2 1 10 714 500
11 2 1 10 748 500
11 2 1 10 782 500
11 2 1 10 816 500
11 2 1 10 850 500
11 2 1 10 884 500
11 2 1 10 918 500
11 2 1 10 952 500
11 2 1 10 952 500
12 3 1 10 952 500
12 3 1 10 952 500
12 3 1 10 986 500
12 3 1 10 1020 500
12 3 1 10 1054 500
12 3 1 10 1088 500
12 3 1 10 1122 500
12 3 1 10 1156 500
12 3 1 10 1190 500
12 3 1 10 1224 500
12 3 1 10 1258 500
12 3 1 10 1258 500
13 4 1 10 1258 500
13 4 1 10 1258 500
13 4 1 10 1292 500
13 4 1 10 1326 500
13 4 1 10 1360 500
13 4 1 10 1394 500
13 4 1 10 1428 500
13 4 1 10 1462 500
13 4 1 10 1496 500
13 4 1 10 1530 500
13 4 1 10 1564 500
13 4 1 10 1598 500
13 4 1 10 1598 500
14 5 1 10 1598 500
14 5 1 10 1598 500
14 5 1 10 1632 500
14 5 1 10 1666 500
14 5 1 10 1700 500
14 5 1 10 1734 500
14 5 1 10 1768 500
14 5 1 10 1802 500
14 5 1 10 1836 500
14 5 1 11 1888 320
14 5 1 11 1888 352
14 5 1 11 1888 384
14 5 1 11 1888 416
14 5 1 11 1888 448
14 5 1 11 1888 480
14 5 1 11 1888 512
14 5 1 11 1888 544
14 5 1 11 1888 576
14 5 1 11 1888 576
15 6 1 11 1888 320
15 6 1 11 1888 352
15 6 1 11 1888 384
15 6 1 11 1888 416
15 6 1 11 1888 448
15 6 1 11 1888 480
15 6 1 11 1888 512
15 6 1 11 1888 544
15 6 1 11 1888 576
15 6 1 11 1888 576
