20 60

16 17 18 19 20 16 17 18 19 20 16 17 18 19 20 16 17 18 19 20 16 17 18 19 20 16 17 18 19 20 16 17 18 19 20 16 17 18 19 20 16 17 18 19 20 16 17 18 19 20 16 17 18 19 20 16 17 18 19 20
00 31 32 33 05 04 05 05 05 05 05 31 32 33 05 05 05 05 05 05 05 05 05 05 05 05 31 32 33 05 05 05 05 05 05 05 05 05 05 05 05 05 05 05 05 05 31 32 33 05 05 05 05 05 05 05 05 05 05 00
00 05 32 05 05 04 05 05 05 05 05 05 32 05 05 26 00 00 00 00 00 00 00 00 30 05 05 32 05 05 26 00 00 00 00 00 00 00 00 00 00 00 00 00 30 05 05 32 05 05 26 00 00 00 00 30 05 05 05 00
00 05 32 05 05 04 05 05 05 26 30 05 32 05 26 00 00 00 00 00 00 00 00 00 00 30 05 32 05 26 00 00 00 00 00 00 00 00 00 00 00 00 00 00 00 30 05 32 05 26 00 00 00 00 00 00 30 05 05 00
00 05 32 05 05 04 05 05 26 00 00 30 32 26 00 00 00 00 00 00 00 00 00 00 00 00 30 32 26 00 00 00 00 00 00 00 00 00 00 00 00 00 00 00 00 00 30 32 26 00 00 00 00 00 00 00 00 30 05 00
00 05 32 05 05 04 05 26 00 00 00 00 32 18 19 20 16 17 18 19 20 66 00 00 00 00 00 32 00 00 00 00 00 00 00 00 00 00 00 00 00 00 00 00 00 00 00 32 00 00 00 00 00 00 00 00 00 00 30 00
00 05 32 05 05 04 26 00 00 00 00 00 32 10 10 10 10 10 10 10 10 68 66 00 00 00 00 32 00 00 00 00 47 48 16 17 18 19 20 16 17 18 19 20 16 17 18 32 16 17 18 19 20 16 17 18 19 20 16 00
00 05 32 05 05 04 00 00 00 00 00 00 32 28 10 10 10 10 10 10 42 09 68 66 00 00 00 54 00 00 00 47 48 42 28 10 10 10 10 10 10 10 10 10 10 10 42 32 00 00 00 00 62 00 62 00 00 00 00 00
00 05 32 05 05 04 00 00 00 00 00 00 32 00 28 10 10 10 10 42 00 00 09 68 66 00 00 60 00 00 47 48 42 00 00 28 10 10 10 10 10 10 10 10 10 42 00 32 00 00 00 00 62 00 62 00 00 00 00 00
00 05 32 05 05 04 00 00 00 00 00 00 32 00 00 10 10 10 42 00 00 00 00 09 68 65 65 66 47 65 48 42 00 00 00 00 28 10 10 10 10 10 10 10 42 00 00 32 00 00 00 00 62 00 62 00 00 00 00 00
00 05 32 05 05 04 00 00 00 00 00 00 32 00 50 10 10 10 00 00 00 00 00 00 04 00 00 00 00 00 07 00 00 00 00 00 00 28 10 10 10 10 10 42 00 00 00 32 00 00 00 00 62 00 62 00 00 00 00 00
00 05 32 05 05 04 00 00 00 00 00 00 32 50 10 10 10 10 08 00 00 00 00 00 04 00 00 00 00 00 07 00 00 00 00 00 00 00 10 10 10 10 42 00 00 00 00 32 00 00 00 00 73 74 75 00 00 00 00 00
00 05 32 05 05 04 00 00 00 00 00 00 32 10 10 10 10 10 10 08 00 00 00 00 04 00 00 00 00 00 07 00 00 00 00 00 00 00 10 10 10 10 00 00 00 00 00 32 00 00 00 00 00 00 00 00 00 00 00 00
00 05 32 05 05 04 00 00 00 00 00 00 32 28 10 10 10 10 10 42 00 00 00 00 04 00 00 00 00 00 07 00 00 00 00 00 00 00 10 10 10 10 08 00 00 00 00 32 00 00 00 00 00 00 00 00 00 00 00 00
00 05 32 05 05 04 00 00 00 00 00 00 32 00 28 10 10 10 42 00 00 00 00 00 04 00 00 00 00 00 07 00 00 00 00 00 00 50 10 10 10 10 10 08 00 00 00 32 00 00 00 00 00 00 00 00 00 00 00 00
00 05 32 05 05 04 00 00 00 00 00 00 32 00 50 10 10 10 08 00 00 00 00 00 04 00 00 00 00 00 07 00 00 00 00 00 50 10 10 10 10 10 10 10 08 00 00 32 00 00 00 00 00 00 00 00 00 00 00 00
00 05 32 05 05 04 00 00 00 00 00 00 32 50 10 10 10 10 10 08 00 00 00 00 04 00 00 00 00 00 07 00 00 00 00 00 10 10 10 10 10 10 10 10 10 00 00 32 00 00 00 00 00 00 00 00 00 00 00 00
00 05 32 05 05 04 00 00 00 00 00 00 32 10 10 10 10 10 10 10 08 00 00 00 04 00 00 00 00 00 07 00 00 00 00 00 28 10 10 10 10 10 10 10 42 00 00 32 00 00 00 00 00 00 00 00 00 00 00 00
00 05 32 05 05 04 00 00 00 00 00 00 32 10 10 10 10 10 10 10 10 08 00 00 04 00 00 00 00 00 07 00 00 00 00 00 00 10 10 10 10 10 10 42 00 00 00 32 00 00 00 00 00 00 00 00 00 82 81 00
16 17 18 19 20 16 17 18 19 20 16 17 18 19 20 16 17 18 19 20 16 17 18 19 20 16 17 18 19 20 16 17 18 19 20 16 17 18 19 20 16 17 18 19 20 16 17 18 19 20 16 17 18 19 20 16 17 18 19 20